[ZoneModify.Modifier]
Gravity=-950.000000
GroundFriction=2.000000
FluidFriction=1.200000
TerminalVelocity=2500.000000
MaxCarcassNum=3